x,y,v_0,v_1,v_2,v_3
0,0,1,0,0,0
0,0.01,0.99,0,0,0.01
0,0.02,0.98,0,0,0.02
0,0.03,0.97,0,0,0.03
0,0.04,0.96,0,0,0.04
0,0.05,0.95,0,0,0.05
0,0.06,0.94,0,0,0.06
0,0.07,0.93,0,0,0.07
0,0.08,0.92,0,0,0.08
0,0.09,0.91,0,0,0.09
0,0.1,0.9,0,0,0.1
0,0.11,0.89,0,0,0.11
0,0.12,0.88,0,0,0.12
0,0.13,0.87,0,0,0.13
0,0.14,0.86,0,0,0.14
0,0.15,0.85,0,0,0.15
0,0.16,0.84,0,0,0.16
0,0.17,0.83,0,0,0.17
0,0.18,0.82,0,0,0.18
0,0.19,0.81,0,0,0.19
0,0.2,0.8,0,0,0.2
0,0.21,0.79,0,0,0.21
0,0.22,0.78,0,0,0.22
0,0.23,0.77,0,0,0.23
0,0.24,0.76,0,0,0.24
0,0.25,0.75,0,0,0.25
0,0.26,0.74,0,0,0.26
0,0.27,0.73,0,0,0.27
0,0.28,0.72,0,0,0.28
0,0.29,0.71,0,0,0.29
0,0.3,0.7,0,0,0.3
0,0.31,0.69,0,0,0.31
0,0.32,0.68,0,0,0.32
0,0.33,0.67,0,0,0.33
0,0.34,0.66,0,0,0.34
0,0.35,0.65,0,0,0.35
0,0.36,0.64,0,0,0.36
0,0.37,0.63,0,0,0.37
0,0.38,0.62,0,0,0.38
0,0.39,0.61,0,0,0.39
0,0.4,0.6,0,0,0.4
0,0.41,0.59,0,0,0.41
0,0.42,0.58,0,0,0.42
0,0.43,0.57,0,0,0.43
0,0.44,0.56,0,0,0.44
0,0.45,0.55,0,0,0.45
0,0.46,0.54,0,0,0.46
0,0.47,0.53,0,0,0.47
0,0.48,0.52,0,0,0.48
0,0.49,0.51,0,0,0.49
0,0.5,0.5,0,0,0.5
0,0.51,0.49,0,0,0.51
0,0.52,0.48,0,0,0.52
0,0.53,0.47,0,0,0.53
0,0.54,0.46,0,0,0.54
0,0.55,0.45,0,0,0.55
0,0.56,0.44,0,0,0.56
0,0.57,0.43,0,0,0.57
0,0.58,0.42,0,0,0.58
0,0.59,0.41,0,0,0.59
0,0.6,0.4,0,0,0.6
0,0.61,0.39,0,0,0.61
0,0.62,0.38,0,0,0.62
0,0.63,0.37,0,0,0.63
0,0.64,0.36,0,0,0.64
0,0.65,0.35,0,0,0.65
0,0.66,0.34,0,0,0.66
0,0.67,0.33,0,0,0.67
0,0.68,0.32,0,0,0.68
0,0.69,0.31,0,0,0.69
0,0.7,0.3,0,0,0.7
0,0.71,0.29,0,0,0.71
0,0.72,0.28,0,0,0.72
0,0.73,0.27,0,0,0.73
0,0.74,0.26,0,0,0.74
0,0.75,0.25,0,0,0.75
0,0.76,0.24,0,0,0.76
0,0.77,0.23,0,0,0.77
0,0.78,0.22,0,0,0.78
0,0.79,0.21,0,0,0.79
0,0.8,0.2,0,0,0.8
0,0.81,0.19,0,0,0.81
0,0.82,0.18,0,0,0.82
0,0.83,0.17,0,0,0.83
0,0.84,0.16,0,0,0.84
0,0.85,0.15,0,0,0.85
0,0.86,0.14,0,0,0.86
0,0.87,0.13,0,0,0.87
0,0.88,0.12,0,0,0.88
0,0.89,0.11,0,0,0.89
0,0.9,0.1,0,0,0.9
0,0.91,0.09,0,0,0.91
0,0.92,0.08,0,0,0.92
0,0.93,0.07,0,0,0.93
0,0.94,0.06,0,0,0.94
0,0.95,0.05,0,0,0.95
0,0.96,0.04,0,0,0.96
0,0.97,0.03,0,0,0.97
0,0.98,0.02,0,0,0.98
0,0.99,0.01,0,0,0.99
0.01,0,0.99,0.01,0,0
0.01,0.01,0.9801,0.0099,0.0001,0.0099
0.01,0.02,0.9702,0.0098,0.0002,0.0198
0.01,0.03,0.9603,0.0097,0.0003,0.0297
0.01,0.04,0.9504,0.0096,0.0004,0.0396
0.01,0.05,0.9405,0.0095,0.0005,0.0495
0.01,0.06,0.9306,0.0094,0.0006,0.0594
0.01,0.07,0.9207,0.0093,0.0007,0.0693
0.01,0.08,0.9108,0.0092,0.0008,0.0792
0.01,0.09,0.9009,0.0091,0.0009,0.0891
0.01,0.1,0.891,0.009,0.001,0.099
0.01,0.11,0.8811,0.0089,0.0011,0.1089
0.01,0.12,0.8712,0.0088,0.0012,0.1188
0.01,0.13,0.8613,0.0087,0.0013,0.1287
0.01,0.14,0.8514,0.0086,0.0014,0.1386
0.01,0.15,0.8415,0.0085,0.0015,0.1485
0.01,0.16,0.8316,0.0084,0.0016,0.1584
0.01,0.17,0.8217,0.0083,0.0017,0.1683
0.01,0.18,0.8118,0.0082,0.0018,0.1782
0.01,0.19,0.8019,0.0081,0.0019,0.1881
0.01,0.2,0.792,0.008,0.002,0.198
0.01,0.21,0.7821,0.0079,0.0021,0.2079
0.01,0.22,0.7722,0.0078,0.0022,0.2178
0.01,0.23,0.7623,0.0077,0.0023,0.2277
0.01,0.24,0.7524,0.0076,0.0024,0.2376
0.01,0.25,0.7425,0.0075,0.0025,0.2475
0.01,0.26,0.7326,0.0074,0.0026,0.2574
0.01,0.27,0.7227,0.0073,0.0027,0.2673
0.01,0.28,0.7128,0.0072,0.0028,0.2772
0.01,0.29,0.7029,0.0071,0.0029,0.2871
0.01,0.3,0.693,0.007,0.003,0.297
0.01,0.31,0.6831,0.0069,0.0031,0.3069
0.01,0.32,0.6732,0.0068,0.0032,0.3168
0.01,0.33,0.6633,0.0067,0.0033,0.3267
0.01,0.34,0.6534,0.0066,0.0034,0.3366
0.01,0.35,0.6435,0.0065,0.0035,0.3465
0.01,0.36,0.6336,0.0064,0.0036,0.3564
0.01,0.37,0.6237,0.0063,0.0037,0.3663
0.01,0.38,0.6138,0.0062,0.0038,0.3762
0.01,0.39,0.6039,0.0061,0.0039,0.3861
0.01,0.4,0.594,0.006,0.004,0.396
0.01,0.41,0.5841,0.0059,0.0041,0.4059
0.01,0.42,0.5742,0.0058,0.0042,0.4158
0.01,0.43,0.5643,0.0057,0.0043,0.4257
0.01,0.44,0.5544,0.0056,0.0044,0.4356
0.01,0.45,0.5445,0.0055,0.0045,0.4455
0.01,0.46,0.5346,0.0054,0.0046,0.4554
0.01,0.47,0.5247,0.0053,0.0047,0.4653
0.01,0.48,0.5148,0.0052,0.0048,0.4752
0.01,0.49,0.5049,0.0051,0.0049,0.4851
0.01,0.5,0.495,0.005,0.005,0.495
0.01,0.51,0.4851,0.0049,0.0051,0.5049
0.01,0.52,0.4752,0.0048,0.0052,0.5148
0.01,0.53,0.4653,0.0047,0.0053,0.5247
0.01,0.54,0.4554,0.0046,0.0054,0.5346
0.01,0.55,0.4455,0.0045,0.0055,0.5445
0.01,0.56,0.4356,0.0044,0.0056,0.5544
0.01,0.57,0.4257,0.0043,0.0057,0.5643
0.01,0.58,0.4158,0.0042,0.0058,0.5742
0.01,0.59,0.4059,0.0041,0.0059,0.5841
0.01,0.6,0.396,0.004,0.006,0.594
0.01,0.61,0.3861,0.0039,0.0061,0.6039
0.01,0.62,0.3762,0.0038,0.0062,0.6138
0.01,0.63,0.3663,0.0037,0.0063,0.6237
0.01,0.64,0.3564,0.0036,0.0064,0.6336
0.01,0.65,0.3465,0.0035,0.0065,0.6435
0.01,0.66,0.3366,0.0034,0.0066,0.6534
0.01,0.67,0.3267,0.0033,0.0067,0.6633
0.01,0.68,0.3168,0.0032,0.0068,0.6732
0.01,0.69,0.3069,0.0031,0.0069,0.6831
0.01,0.7,0.297,0.003,0.007,0.693
0.01,0.71,0.2871,0.0029,0.0071,0.7029
0.01,0.72,0.2772,0.0028,0.0072,0.7128
0.01,0.73,0.2673,0.0027,0.0073,0.7227
0.01,0.74,0.2574,0.0026,0.0074,0.7326
0.01,0.75,0.2475,0.0025,0.0075,0.7425
0.01,0.76,0.2376,0.0024,0.0076,0.7524
0.01,0.77,0.2277,0.0023,0.0077,0.7623
0.01,0.78,0.2178,0.0022,0.0078,0.7722
0.01,0.79,0.2079,0.0021,0.0079,0.7821
0.01,0.8,0.198,0.002,0.008,0.792
0.01,0.81,0.1881,0.0019,0.0081,0.8019
0.01,0.82,0.1782,0.0018,0.0082,0.8118
0.01,0.83,0.1683,0.0017,0.0083,0.8217
0.01,0.84,0.1584,0.0016,0.0084,0.8316
0.01,0.85,0.1485,0.0015,0.0085,0.8415
0.01,0.86,0.1386,0.0014,0.0086,0.8514
0.01,0.87,0.1287,0.0013,0.0087,0.8613
0.01,0.88,0.1188,0.0012,0.0088,0.8712
0.01,0.89,0.1089,0.0011,0.0089,0.8811
0.01,0.9,0.099,0.001,0.009,0.891
0.01,0.91,0.0891,0.0009,0.0091,0.9009
0.01,0.92,0.0792,0.0008,0.0092,0.9108
0.01,0.93,0.0693,0.0007,0.0093,0.9207
0.01,0.94,0.0594,0.0006,0.0094,0.9306
0.01,0.95,0.0495,0.0005,0.0095,0.9405
0.01,0.96,0.0396,0.0004,0.0096,0.9504
0.01,0.97,0.0297,0.0003,0.0097,0.9603
0.01,0.98,0.0198,0.0002,0.0098,0.9702
0.01,0.99,0.0099,0.0001,0.0099,0.9801
0.02,0,0.98,0.02,0,0
0.02,0.01,0.9702,0.0198,0.0002,0.0098
0.02,0.02,0.9604,0.0196,0.0004,0.0196
0.02,0.03,0.9506,0.0194,0.0006,0.0294
0.02,0.04,0.9408,0.0192,0.0008,0.0392
0.02,0.05,0.931,0.019,0.001,0.049
0.02,0.06,0.9212,0.0188,0.0012,0.0588
0.02,0.07,0.9114,0.0186,0.0014,0.0686
0.02,0.08,0.9016,0.0184,0.0016,0.0784
0.02,0.09,0.8918,0.0182,0.0018,0.0882
0.02,0.1,0.882,0.018,0.002,0.098
0.02,0.11,0.8722,0.0178,0.0022,0.1078
0.02,0.12,0.8624,0.0176,0.0024,0.1176
0.02,0.13,0.8526,0.0174,0.0026,0.1274
0.02,0.14,0.8428,0.0172,0.0028,0.1372
0.02,0.15,0.833,0.017,0.003,0.147
0.02,0.16,0.8232,0.0168,0.0032,0.1568
0.02,0.17,0.8134,0.0166,0.0034,0.1666
0.02,0.18,0.8036,0.0164,0.0036,0.1764
0.02,0.19,0.7938,0.0162,0.0038,0.1862
0.02,0.2,0.784,0.016,0.004,0.196
0.02,0.21,0.7742,0.0158,0.0042,0.2058
0.02,0.22,0.7644,0.0156,0.0044,0.2156
0.02,0.23,0.7546,0.0154,0.0046,0.2254
0.02,0.24,0.7448,0.0152,0.0048,0.2352
0.02,0.25,0.735,0.015,0.005,0.245
0.02,0.26,0.7252,0.0148,0.0052,0.2548
0.02,0.27,0.7154,0.0146,0.0054,0.2646
0.02,0.28,0.7056,0.0144,0.0056,0.2744
0.02,0.29,0.6958,0.0142,0.0058,0.2842
0.02,0.3,0.686,0.014,0.006,0.294
0.02,0.31,0.6762,0.0138,0.0062,0.3038
0.02,0.32,0.6664,0.0136,0.0064,0.3136
0.02,0.33,0.6566,0.0134,0.0066,0.3234
0.02,0.34,0.6468,0.0132,0.0068,0.3332
0.02,0.35,0.637,0.013,0.007,0.343
0.02,0.36,0.6272,0.0128,0.0072,0.3528
0.02,0.37,0.6174,0.0126,0.0074,0.3626
0.02,0.38,0.6076,0.0124,0.0076,0.3724
0.02,0.39,0.5978,0.0122,0.0078,0.3822
0.02,0.4,0.588,0.012,0.008,0.392
0.02,0.41,0.5782,0.0118,0.0082,0.4018
0.02,0.42,0.5684,0.0116,0.0084,0.4116
0.02,0.43,0.5586,0.0114,0.0086,0.4214
0.02,0.44,0.5488,0.0112,0.0088,0.4312
0.02,0.45,0.539,0.011,0.009,0.441
0.02,0.46,0.5292,0.0108,0.0092,0.4508
0.02,0.47,0.5194,0.0106,0.0094,0.4606
0.02,0.48,0.5096,0.0104,0.0096,0.4704
0.02,0.49,0.4998,0.0102,0.0098,0.4802
0.02,0.5,0.49,0.01,0.01,0.49
0.02,0.51,0.4802,0.0098,0.0102,0.4998
0.02,0.52,0.4704,0.0096,0.0104,0.5096
0.02,0.53,0.4606,0.0094,0.0106,0.5194
0.02,0.54,0.4508,0.0092,0.0108,0.5292
0.02,0.55,0.441,0.009,0.011,0.539
0.02,0.56,0.4312,0.0088,0.0112,0.5488
0.02,0.57,0.4214,0.0086,0.0114,0.5586
0.02,0.58,0.4116,0.0084,0.0116,0.5684
0.02,0.59,0.4018,0.0082,0.0118,0.5782
0.02,0.6,0.392,0.008,0.012,0.588
0.02,0.61,0.3822,0.0078,0.0122,0.5978
0.02,0.62,0.3724,0.0076,0.0124,0.6076
0.02,0.63,0.3626,0.0074,0.0126,0.6174
0.02,0.64,0.3528,0.0072,0.0128,0.6272
0.02,0.65,0.343,0.007,0.013,0.637
0.02,0.66,0.3332,0.0068,0.0132,0.6468
0.02,0.67,0.3234,0.0066,0.0134,0.6566
0.02,0.68,0.3136,0.0064,0.0136,0.6664
0.02,0.69,0.3038,0.0062,0.0138,0.6762
0.02,0.7,0.294,0.006,0.014,0.686
0.02,0.71,0.2842,0.0058,0.0142,0.6958
0.02,0.72,0.2744,0.0056,0.0144,0.7056
0.02,0.73,0.2646,0.0054,0.0146,0.7154
0.02,0.74,0.2548,0.0052,0.0148,0.7252
0.02,0.75,0.245,0.005,0.015,0.735
0.02,0.76,0.2352,0.0048,0.0152,0.7448
0.02,0.77,0.2254,0.0046,0.0154,0.7546
0.02,0.78,0.2156,0.0044,0.0156,0.7644
0.02,0.79,0.2058,0.0042,0.0158,0.7742
0.02,0.8,0.196,0.004,0.016,0.784
0.02,0.81,0.1862,0.0038,0.0162,0.7938
0.02,0.82,0.1764,0.0036,0.0164,0.8036
0.02,0.83,0.1666,0.0034,0.0166,0.8134
0.02,0.84,0.1568,0.0032,0.0168,0.8232
0.02,0.85,0.147,0.003,0.017,0.833
0.02,0.86,0.1372,0.0028,0.0172,0.8428
0.02,0.87,0.1274,0.0026,0.0174,0.8526
0.02,0.88,0.1176,0.0024,0.0176,0.8624
0.02,0.89,0.1078,0.0022,0.0178,0.8722
0.02,0.9,0.098,0.002,0.018,0.882
0.02,0.91,0.0882,0.0018,0.0182,0.8918
0.02,0.92,0.0784,0.0016,0.0184,0.9016
0.02,0.93,0.0686,0.0014,0.0186,0.9114
0.02,0.94,0.0588,0.0012,0.0188,0.9212
0.02,0.95,0.049,0.001,0.019,0.931
0.02,0.96,0.0392,0.0008,0.0192,0.9408
0.02,0.97,0.0294,0.0006,0.0194,0.9506
0.02,0.98,0.0196,0.0004,0.0196,0.9604
0.02,0.99,0.0098,0.0002,0.0198,0.9702
0.03,0,0.97,0.03,0,0
0.03,0.01,0.9603,0.0297,0.0003,0.0097
0.03,0.02,0.9506,0.0294,0.0006,0.0194
0.03,0.03,0.9409,0.0291,0.0009,0.0291
0.03,0.04,0.9312,0.0288,0.0012,0.0388
0.03,0.05,0.9215,0.0285,0.0015,0.0485
0.03,0.06,0.9118,0.0282,0.0018,0.0582
0.03,0.07,0.9021,0.0279,0.0021,0.0679
0.03,0.08,0.8924,0.0276,0.0024,0.0776
0.03,0.09,0.8827,0.0273,0.0027,0.0873
0.03,0.1,0.873,0.027,0.003,0.097
0.03,0.11,0.8633,0.0267,0.0033,0.1067
0.03,0.12,0.8536,0.0264,0.0036,0.1164
0.03,0.13,0.8439,0.0261,0.0039,0.1261
0.03,0.14,0.8342,0.0258,0.0042,0.1358
0.03,0.15,0.8245,0.0255,0.0045,0.1455
0.03,0.16,0.8148,0.0252,0.0048,0.1552
0.03,0.17,0.8051,0.0249,0.0051,0.1649
0.03,0.18,0.7954,0.0246,0.0054,0.1746
0.03,0.19,0.7857,0.0243,0.0057,0.1843
0.03,0.2,0.776,0.024,0.006,0.194
0.03,0.21,0.7663,0.0237,0.0063,0.2037
0.03,0.22,0.7566,0.0234,0.0066,0.2134
0.03,0.23,0.7469,0.0231,0.0069,0.2231
0.03,0.24,0.7372,0.0228,0.0072,0.2328
0.03,0.25,0.7275,0.0225,0.0075,0.2425
0.03,0.26,0.7178,0.0222,0.0078,0.2522
0.03,0.27,0.7081,0.0219,0.0081,0.2619
0.03,0.28,0.6984,0.0216,0.0084,0.2716
0.03,0.29,0.6887,0.0213,0.0087,0.2813
0.03,0.3,0.679,0.021,0.009,0.291
0.03,0.31,0.6693,0.0207,0.0093,0.3007
0.03,0.32,0.6596,0.0204,0.0096,0.3104
0.03,0.33,0.6499,0.0201,0.0099,0.3201
0.03,0.34,0.6402,0.0198,0.0102,0.3298
0.03,0.35,0.6305,0.0195,0.0105,0.3395
0.03,0.36,0.6208,0.0192,0.0108,0.3492
0.03,0.37,0.6111,0.0189,0.0111,0.3589
0.03,0.38,0.6014,0.0186,0.0114,0.3686
0.03,0.39,0.5917,0.0183,0.0117,0.3783
0.03,0.4,0.582,0.018,0.012,0.388
0.03,0.41,0.5723,0.0177,0.0123,0.3977
0.03,0.42,0.5626,0.0174,0.0126,0.4074
0.03,0.43,0.5529,0.0171,0.0129,0.4171
0.03,0.44,0.5432,0.0168,0.0132,0.4268
0.03,0.45,0.5335,0.0165,0.0135,0.4365
0.03,0.46,0.5238,0.0162,0.0138,0.4462
0.03,0.47,0.5141,0.0159,0.0141,0.4559
0.03,0.48,0.5044,0.0156,0.0144,0.4656
0.03,0.49,0.4947,0.0153,0.0147,0.4753
0.03,0.5,0.485,0.015,0.015,0.485
0.03,0.51,0.4753,0.0147,0.0153,0.4947
0.03,0.52,0.4656,0.0144,0.0156,0.5044
0.03,0.53,0.4559,0.0141,0.0159,0.5141
0.03,0.54,0.4462,0.0138,0.0162,0.5238
0.03,0.55,0.4365,0.0135,0.0165,0.5335
0.03,0.56,0.4268,0.0132,0.0168,0.5432
0.03,0.57,0.4171,0.0129,0.0171,0.5529
0.03,0.58,0.4074,0.0126,0.0174,0.5626
0.03,0.59,0.3977,0.0123,0.0177,0.5723
0.03,0.6,0.388,0.012,0.018,0.582
0.03,0.61,0.3783,0.0117,0.0183,0.5917
0.03,0.62,0.3686,0.0114,0.0186,0.6014
0.03,0.63,0.3589,0.0111,0.0189,0.6111
0.03,0.64,0.3492,0.0108,0.0192,0.6208
0.03,0.65,0.3395,0.0105,0.0195,0.6305
0.03,0.66,0.3298,0.0102,0.0198,0.6402
0.03,0.67,0.3201,0.0099,0.0201,0.6499
0.03,0.68,0.3104,0.0096,0.0204,0.6596
0.03,0.69,0.3007,0.0093,0.0207,0.6693
0.03,0.7,0.291,0.009,0.021,0.679
0.03,0.71,0.2813,0.0087,0.0213,0.6887
0.03,0.72,0.2716,0.0084,0.0216,0.6984
0.03,0.73,0.2619,0.0081,0.0219,0.7081
0.03,0.74,0.2522,0.0078,0.0222,0.7178
0.03,0.75,0.2425,0.0075,0.0225,0.7275
0.03,0.76,0.2328,0.0072,0.0228,0.7372
0.03,0.77,0.2231,0.0069,0.0231,0.7469
0.03,0.78,0.2134,0.0066,0.0234,0.7566
0.03,0.79,0.2037,0.0063,0.0237,0.7663
0.03,0.8,0.194,0.006,0.024,0.776
0.03,0.81,0.1843,0.0057,0.0243,0.7857
0.03,0.82,0.1746,0.0054,0.0246,0.7954
0.03,0.83,0.1649,0.0051,0.0249,0.8051
0.03,0.84,0.1552,0.0048,0.0252,0.8148
0.03,0.85,0.1455,0.0045,0.0255,0.8245
0.03,0.86,0.1358,0.0042,0.0258,0.8342
0.03,0.87,0.1261,0.0039,0.0261,0.8439
0.03,0.88,0.1164,0.0036,0.0264,0.8536
0.03,0.89,0.1067,0.0033,0.0267,0.8633
0.03,0.9,0.097,0.003,0.027,0.873
0.03,0.91,0.0873,0.0027,0.0273,0.8827
0.03,0.92,0.0776,0.0024,0.0276,0.8924
0.03,0.93,0.0679,0.0021,0.0279,0.9021
0.03,0.94,0.0582,0.0018,0.0282,0.9118
0.03,0.95,0.0485,0.0015,0.0285,0.9215
0.03,0.96,0.0388,0.0012,0.0288,0.9312
0.03,0.97,0.0291,0.0009,0.0291,0.9409
0.03,0.98,0.0194,0.0006,0.0294,0.9506
0.03,0.99,0.0097,0.0003,0.0297,0.9603
0.04,0,0.96,0.04,0,0
0.04,0.01,0.9504,0.0396,0.0004,0.0096
0.04,0.02,0.9408,0.0392,0.0008,0.0192
0.04,0.03,0.9312,0.0388,0.0012,0.0288
0.04,0.04,0.9216,0.0384,0.0016,0.0384
0.04,0.05,0.912,0.038,0.002,0.048
0.04,0.06,0.9024,0.0376,0.0024,0.0576
0.04,0.07,0.8928,0.0372,0.0028,0.0672
0.04,0.08,0.8832,0.0368,0.0032,0.0768
0.04,0.09,0.8736,0.0364,0.0036,0.0864
0.04,0.1,0.864,0.036,0.004,0.096
0.04,0.11,0.8544,0.0356,0.0044,0.1056
0.04,0.12,0.8448,0.0352,0.0048,0.1152
0.04,0.13,0.8352,0.0348,0.0052,0.1248
0.04,0.14,0.8256,0.0344,0.0056,0.1344
0.04,0.15,0.816,0.034,0.006,0.144
0.04,0.16,0.8064,0.0336,0.0064,0.1536
0.04,0.17,0.7968,0.0332,0.0068,0.1632
0.04,0.18,0.7872,0.0328,0.0072,0.1728
0.04,0.19,0.7776,0.0324,0.0076,0.1824
0.04,0.2,0.768,0.032,0.008,0.192
0.04,0.21,0.7584,0.0316,0.0084,0.2016
0.04,0.22,0.7488,0.0312,0.0088,0.2112
0.04,0.23,0.7392,0.0308,0.0092,0.2208
0.04,0.24,0.7296,0.0304,0.0096,0.2304
0.04,0.25,0.72,0.03,0.01,0.24
0.04,0.26,0.7104,0.0296,0.0104,0.2496
0.04,0.27,0.7008,0.0292,0.0108,0.2592
0.04,0.28,0.6912,0.0288,0.0112,0.2688
0.04,0.29,0.6816,0.0284,0.0116,0.2784
0.04,0.3,0.672,0.028,0.012,0.288
0.04,0.31,0.6624,0.0276,0.0124,0.2976
0.04,0.32,0.6528,0.0272,0.0128,0.3072
0.04,0.33,0.6432,0.0268,0.0132,0.3168
0.04,0.34,0.6336,0.0264,0.0136,0.3264
0.04,0.35,0.624,0.026,0.014,0.336
0.04,0.36,0.6144,0.0256,0.0144,0.3456
0.04,0.37,0.6048,0.0252,0.0148,0.3552
0.04,0.38,0.5952,0.0248,0.0152,0.3648
0.04,0.39,0.5856,0.0244,0.0156,0.3744
0.04,0.4,0.576,0.024,0.016,0.384
0.04,0.41,0.5664,0.0236,0.0164,0.3936
0.04,0.42,0.5568,0.0232,0.0168,0.4032
0.04,0.43,0.5472,0.0228,0.0172,0.4128
0.04,0.44,0.5376,0.0224,0.0176,0.4224
0.04,0.45,0.528,0.022,0.018,0.432
0.04,0.46,0.5184,0.0216,0.0184,0.4416
0.04,0.47,0.5088,0.0212,0.0188,0.4512
0.04,0.48,0.4992,0.0208,0.0192,0.4608
0.04,0.49,0.4896,0.0204,0.0196,0.4704
0.04,0.5,0.48,0.02,0.02,0.48
0.04,0.51,0.4704,0.0196,0.0204,0.4896
0.04,0.52,0.4608,0.0192,0.0208,0.4992
0.04,0.53,0.4512,0.0188,0.0212,0.5088
0.04,0.54,0.4416,0.0184,0.0216,0.5184
0.04,0.55,0.432,0.018,0.022,0.528
0.04,0.56,0.4224,0.0176,0.0224,0.5376
0.04,0.57,0.4128,0.0172,0.0228,0.5472
0.04,0.58,0.4032,0.0168,0.0232,0.5568
0.04,0.59,0.3936,0.0164,0.0236,0.5664
0.04,0.6,0.384,0.016,0.024,0.576
0.04,0.61,0.3744,0.0156,0.0244,0.5856
0.04,0.62,0.3648,0.0152,0.0248,0.5952
0.04,0.63,0.3552,0.0148,0.0252,0.6048
0.04,0.64,0.3456,0.0144,0.0256,0.6144
0.04,0.65,0.336,0.014,0.026,0.624
0.04,0.66,0.3264,0.0136,0.0264,0.6336
0.04,0.67,0.3168,0.0132,0.0268,0.6432
0.04,0.68,0.3072,0.0128,0.0272,0.6528
0.04,0.69,0.2976,0.0124,0.0276,0.6624
0.04,0.7,0.288,0.012,0.028,0.672
0.04,0.71,0.2784,0.0116,0.0284,0.6816
0.04,0.72,0.2688,0.0112,0.0288,0.6912
0.04,0.73,0.2592,0.0108,0.0292,0.7008
0.04,0.74,0.2496,0.0104,0.0296,0.7104
0.04,0.75,0.24,0.01,0.03,0.72
0.04,0.76,0.2304,0.0096,0.0304,0.7296
0.04,0.77,0.2208,0.0092,0.0308,0.7392
0.04,0.78,0.2112,0.0088,0.0312,0.7488
0.04,0.79,0.2016,0.0084,0.0316,0.7584
0.04,0.8,0.192,0.008,0.032,0.768
0.04,0.81,0.1824,0.0076,0.0324,0.7776
0.04,0.82,0.1728,0.0072,0.0328,0.7872
0.04,0.83,0.1632,0.0068,0.0332,0.7968
0.04,0.84,0.1536,0.0064,0.0336,0.8064
0.04,0.85,0.144,0.006,0.034,0.816
0.04,0.86,0.1344,0.0056,0.0344,0.8256
0.04,0.87,0.1248,0.0052,0.0348,0.8352
0.04,0.88,0.1152,0.0048,0.0352,0.8448
0.04,0.89,0.1056,0.0044,0.0356,0.8544
0.04,0.9,0.096,0.004,0.036,0.864
0.04,0.91,0.0864,0.0036,0.0364,0.8736
0.04,0.92,0.0768,0.0032,0.0368,0.8832
0.04,0.93,0.0672,0.0028,0.0372,0.8928
0.04,0.94,0.0576,0.0024,0.0376,0.9024
0.04,0.95,0.048,0.002,0.038,0.912
0.04,0.96,0.0384,0.0016,0.0384,0.9216
0.04,0.97,0.0288,0.0012,0.0388,0.9312
0.04,0.98,0.0192,0.0008,0.0392,0.9408
0.04,0.99,0.0096,0.0004,0.0396,0.9504
0.05,0,0.95,0.05,0,0
0.05,0.01,0.9405,0.0495,0.0005,0.0095
0.05,0.02,0.931,0.049,0.001,0.019
0.05,0.03,0.9215,0.0485,0.0015,0.0285
0.05,0.04,0.912,0.048,0.002,0.038
0.05,0.05,0.9025,0.0475,0.0025,0.0475
0.05,0.06,0.893,0.047,0.003,0.057
0.05,0.07,0.8835,0.0465,0.0035,0.0665
0.05,0.08,0.874,0.046,0.004,0.076
0.05,0.09,0.8645,0.0455,0.0045,0.0855
0.05,0.1,0.855,0.045,0.005,0.095
0.05,0.11,0.8455,0.0445,0.0055,0.1045
0.05,0.12,0.836,0.044,0.006,0.114
0.05,0.13,0.8265,0.0435,0.0065,0.1235
0.05,0.14,0.817,0.043,0.007,0.133
0.05,0.15,0.8075,0.0425,0.0075,0.1425
0.05,0.16,0.798,0.042,0.008,0.152
0.05,0.17,0.7885,0.0415,0.0085,0.1615
0.05,0.18,0.779,0.041,0.009,0.171
0.05,0.19,0.7695,0.0405,0.0095,0.1805
0.05,0.2,0.76,0.04,0.01,0.19
0.05,0.21,0.7505,0.0395,0.0105,0.1995
0.05,0.22,0.741,0.039,0.011,0.209
0.05,0.23,0.7315,0.0385,0.0115,0.2185
0.05,0.24,0.722,0.038,0.012,0.228
0.05,0.25,0.7125,0.0375,0.0125,0.2375
0.05,0.26,0.703,0.037,0.013,0.247
0.05,0.27,0.6935,0.0365,0.0135,0.2565
0.05,0.28,0.684,0.036,0.014,0.266
0.05,0.29,0.6745,0.0355,0.0145,0.2755
0.05,0.3,0.665,0.035,0.015,0.285
0.05,0.31,0.6555,0.0345,0.0155,0.2945
0.05,0.32,0.646,0.034,0.016,0.304
0.05,0.33,0.6365,0.0335,0.0165,0.3135
0.05,0.34,0.627,0.033,0.017,0.323
0.05,0.35,0.6175,0.0325,0.0175,0.3325
0.05,0.36,0.608,0.032,0.018,0.342
0.05,0.37,0.5985,0.0315,0.0185,0.3515
0.05,0.38,0.589,0.031,0.019,0.361
0.05,0.39,0.5795,0.0305,0.0195,0.3705
0.05,0.4,0.57,0.03,0.02,0.38
0.05,0.41,0.5605,0.0295,0.0205,0.3895
0.05,0.42,0.551,0.029,0.021,0.399
0.05,0.43,0.5415,0.0285,0.0215,0.4085
0.05,0.44,0.532,0.028,0.022,0.418
0.05,0.45,0.5225,0.0275,0.0225,0.4275
0.05,0.46,0.513,0.027,0.023,0.437
0.05,0.47,0.5035,0.0265,0.0235,0.4465
0.05,0.48,0.494,0.026,0.024,0.456
0.05,0.49,0.4845,0.0255,0.0245,0.4655
0.05,0.5,0.475,0.025,0.025,0.475
0.05,0.51,0.4655,0.0245,0.0255,0.4845
0.05,0.52,0.456,0.024,0.026,0.494
0.05,0.53,0.4465,0.0235,0.0265,0.5035
0.05,0.54,0.437,0.023,0.027,0.513
0.05,0.55,0.4275,0.0225,0.0275,0.5225
0.05,0.56,0.418,0.022,0.028,0.532
0.05,0.57,0.4085,0.0215,0.0285,0.5415
0.05,0.58,0.399,0.021,0.029,0.551
0.05,0.59,0.3895,0.0205,0.0295,0.5605
0.05,0.6,0.38,0.02,0.03,0.57
0.05,0.61,0.3705,0.0195,0.0305,0.5795
0.05,0.62,0.361,0.019,0.031,0.589
0.05,0.63,0.3515,0.0185,0.0315,0.5985
0.05,0.64,0.342,0.018,0.032,0.608
0.05,0.65,0.3325,0.0175,0.0325,0.6175
0.05,0.66,0.323,0.017,0.033,0.627
0.05,0.67,0.3135,0.0165,0.0335,0.6365
0.05,0.68,0.304,0.016,0.034,0.646
0.05,0.69,0.2945,0.0155,0.0345,0.6555
0.05,0.7,0.285,0.015,0.035,0.665
0.05,0.71,0.2755,0.0145,0.0355,0.6745
0.05,0.72,0.266,0.014,0.036,0.684
0.05,0.73,0.2565,0.0135,0.0365,0.6935
0.05,0.74,0.247,0.013,0.037,0.703
0.05,0.75,0.2375,0.0125,0.0375,0.7125
0.05,0.76,0.228,0.012,0.038,0.722
0.05,0.77,0.2185,0.0115,0.0385,0.7315
0.05,0.78,0.209,0.011,0.039,0.741
0.05,0.79,0.1995,0.0105,0.0395,0.7505
0.05,0.8,0.19,0.01,0.04,0.76
0.05,0.81,0.1805,0.0095,0.0405,0.7695
0.05,0.82,0.171,0.009,0.041,0.779
0.05,0.83,0.1615,0.0085,0.0415,0.7885
0.05,0.84,0.152,0.008,0.042,0.798
0.05,0.85,0.1425,0.0075,0.0425,0.8075
0.05,0.86,0.133,0.007,0.043,0.817
0.05,0.87,0.1235,0.0065,0.0435,0.8265
0.05,0.88,0.114,0.006,0.044,0.836
0.05,0.89,0.1045,0.0055,0.0445,0.8455
0.05,0.9,0.095,0.005,0.045,0.855
0.05,0.91,0.0855,0.0045,0.0455,0.8645
0.05,0.92,0.076,0.004,0.046,0.874
0.05,0.93,0.0665,0.0035,0.0465,0.8835
0.05,0.94,0.057,0.003,0.047,0.893
0.05,0.95,0.0475,0.0025,0.0475,0.9025
0.05,0.96,0.038,0.002,0.048,0.912
0.05,0.97,0.0285,0.0015,0.0485,0.9215
0.05,0.98,0.019,0.001,0.049,0.931
0.05,0.99,0.0095,0.0005,0.0495,0.9405
0.06,0,0.94,0.06,0,0
0.06,0.01,0.9306,0.0594,0.0006,0.0094
0.06,0.02,0.9212,0.0588,0.0012,0.0188
0.06,0.03,0.9118,0.0582,0.0018,0.0282
0.06,0.04,0.9024,0.0576,0.0024,0.0376
0.06,0.05,0.893,0.057,0.003,0.047
0.06,0.06,0.8836,0.0564,0.0036,0.0564
0.06,0.07,0.8742,0.0558,0.0042,0.0658
0.06,0.08,0.8648,0.0552,0.0048,0.0752
0.06,0.09,0.8554,0.0546,0.0054,0.0846
0.06,0.1,0.846,0.054,0.006,0.094
0.06,0.11,0.8366,0.0534,0.0066,0.1034
0.06,0.12,0.8272,0.0528,0.0072,0.1128
0.06,0.13,0.8178,0.0522,0.0078,0.1222
0.06,0.14,0.8084,0.0516,0.0084,0.1316
0.06,0.15,0.799,0.051,0.009,0.141
0.06,0.16,0.7896,0.0504,0.0096,0.1504
0.06,0.17,0.7802,0.0498,0.0102,0.1598
0.06,0.18,0.7708,0.0492,0.0108,0.1692
0.06,0.19,0.7614,0.0486,0.0114,0.1786
0.06,0.2,0.752,0.048,0.012,0.188
0.06,0.21,0.7426,0.0474,0.0126,0.1974
0.06,0.22,0.7332,0.0468,0.0132,0.2068
0.06,0.23,0.7238,0.0462,0.0138,0.2162
0.06,0.24,0.7144,0.0456,0.0144,0.2256
0.06,0.25,0.705,0.045,0.015,0.235
0.06,0.26,0.6956,0.0444,0.0156,0.2444
0.06,0.27,0.6862,0.0438,0.0162,0.2538
0.06,0.28,0.6768,0.0432,0.0168,0.2632
0.06,0.29,0.6674,0.0426,0.0174,0.2726
0.06,0.3,0.658,0.042,0.018,0.282
0.06,0.31,0.6486,0.0414,0.0186,0.2914
0.06,0.32,0.6392,0.0408,0.0192,0.3008
0.06,0.33,0.6298,0.0402,0.0198,0.3102
0.06,0.34,0.6204,0.0396,0.0204,0.3196
0.06,0.35,0.611,0.039,0.021,0.329
0.06,0.36,0.6016,0.0384,0.0216,0.3384
0.06,0.37,0.5922,0.0378,0.0222,0.3478
0.06,0.38,0.5828,0.0372,0.0228,0.3572
0.06,0.39,0.5734,0.0366,0.0234,0.3666
0.06,0.4,0.564,0.036,0.024,0.376
0.06,0.41,0.5546,0.0354,0.0246,0.3854
0.06,0.42,0.5452,0.0348,0.0252,0.3948
0.06,0.43,0.5358,0.0342,0.0258,0.4042
0.06,0.44,0.5264,0.0336,0.0264,0.4136
0.06,0.45,0.517,0.033,0.027,0.423
0.06,0.46,0.5076,0.0324,0.0276,0.4324
0.06,0.47,0.4982,0.0318,0.0282,0.4418
0.06,0.48,0.4888,0.0312,0.0288,0.4512
0.06,0.49,0.4794,0.0306,0.0294,0.4606
0.06,0.5,0.47,0.03,0.03,0.47
0.06,0.51,0.4606,0.0294,0.0306,0.4794
0.06,0.52,0.4512,0.0288,0.0312,0.4888
0.06,0.53,0.4418,0.0282,0.0318,0.4982
0.06,0.54,0.4324,0.0276,0.0324,0.5076
0.06,0.55,0.423,0.027,0.033,0.517
0.06,0.56,0.4136,0.0264,0.0336,0.5264
0.06,0.57,0.4042,0.0258,0.0342,0.5358
0.06,0.58,0.3948,0.0252,0.0348,0.5452
0.06,0.59,0.3854,0.0246,0.0354,0.5546
0.06,0.6,0.376,0.024,0.036,0.564
0.06,0.61,0.3666,0.0234,0.0366,0.5734
0.06,0.62,0.3572,0.0228,0.0372,0.5828
0.06,0.63,0.3478,0.0222,0.0378,0.5922
0.06,0.64,0.3384,0.0216,0.0384,0.6016
0.06,0.65,0.329,0.021,0.039,0.611
0.06,0.66,0.3196,0.0204,0.0396,0.6204
0.06,0.67,0.3102,0.0198,0.0402,0.6298
0.06,0.68,0.3008,0.0192,0.0408,0.6392
0.06,0.69,0.2914,0.0186,0.0414,0.6486
0.06,0.7,0.282,0.018,0.042,0.658
0.06,0.71,0.2726,0.0174,0.0426,0.6674
0.06,0.72,0.2632,0.0168,0.0432,0.6768
0.06,0.73,0.2538,0.0162,0.0438,0.6862
0.06,0.74,0.2444,0.0156,0.0444,0.6956
0.06,0.75,0.235,0.015,0.045,0.705
0.06,0.76,0.2256,0.0144,0.0456,0.7144
0.06,0.77,0.2162,0.0138,0.0462,0.7238
0.06,0.78,0.2068,0.0132,0.0468,0.7332
0.06,0.79,0.1974,0.0126,0.0474,0.7426
0.06,0.8,0.188,0.012,0.048,0.752
0.06,0.81,0.1786,0.0114,0.0486,0.7614
0.06,0.82,0.1692,0.0108,0.0492,0.7708
0.06,0.83,0.1598,0.0102,0.0498,0.7802
0.06,0.84,0.1504,0.0096,0.0504,0.7896
0.06,0.85,0.141,0.009,0.051,0.799
0.06,0.86,0.1316,0.0084,0.0516,0.8084
0.06,0.87,0.1222,0.0078,0.0522,0.8178
0.06,0.88,0.1128,0.0072,0.0528,0.8272
0.06,0.89,0.1034,0.0066,0.0534,0.8366
0.06,0.9,0.094,0.006,0.054,0.846
0.06,0.91,0.0846,0.0054,0.0546,0.8554
0.06,0.92,0.0752,0.0048,0.0552,0.8648
0.06,0.93,0.0658,0.0042,0.0558,0.8742
0.06,0.94,0.0564,0.0036,0.0564,0.8836
0.06,0.95,0.047,0.003,0.057,0.893
0.06,0.96,0.0376,0.0024,0.0576,0.9024
0.06,0.97,0.0282,0.0018,0.0582,0.9118
0.06,0.98,0.0188,0.0012,0.0588,0.9212
0.06,0.99,0.0094,0.0006,0.0594,0.9306
0.07,0,0.93,0.07,0,0
0.07,0.01,0.9207,0.0693,0.0007,0.0093
0.07,0.02,0.9114,0.0686,0.0014,0.0186
0.07,0.03,0.9021,0.0679,0.0021,0.0279
0.07,0.04,0.8928,0.0672,0.0028,0.0372
0.07,0.05,0.8835,0.0665,0.0035,0.0465
0.07,0.06,0.8742,0.0658,0.0042,0.0558
0.07,0.07,0.8649,0.0651,0.0049,0.0651
0.07,0.08,0.8556,0.0644,0.0056,0.0744
0.07,0.09,0.8463,0.0637,0.0063,0.0837
0.07,0.1,0.837,0.063,0.007,0.093
0.07,0.11,0.8277,0.0623,0.0077,0.1023
0.07,0.12,0.8184,0.0616,0.0084,0.1116
0.07,0.13,0.8091,0.0609,0.0091,0.1209
0.07,0.14,0.7998,0.0602,0.0098,0.1302
0.07,0.15,0.7905,0.0595,0.0105,0.1395
0.07,0.16,0.7812,0.0588,0.0112,0.1488
0.07,0.17,0.7719,0.0581,0.0119,0.1581
0.07,0.18,0.7626,0.0574,0.0126,0.1674
0.07,0.19,0.7533,0.0567,0.0133,0.1767
0.07,0.2,0.744,0.056,0.014,0.186
0.07,0.21,0.7347,0.0553,0.0147,0.1953
0.07,0.22,0.7254,0.0546,0.0154,0.2046
0.07,0.23,0.7161,0.0539,0.0161,0.2139
0.07,0.24,0.7068,0.0532,0.0168,0.2232
0.07,0.25,0.6975,0.0525,0.0175,0.2325
0.07,0.26,0.6882,0.0518,0.0182,0.2418
0.07,0.27,0.6789,0.0511,0.0189,0.2511
0.07,0.28,0.6696,0.0504,0.0196,0.2604
0.07,0.29,0.6603,0.0497,0.0203,0.2697
0.07,0.3,0.651,0.049,0.021,0.279
0.07,0.31,0.6417,0.0483,0.0217,0.2883
0.07,0.32,0.6324,0.0476,0.0224,0.2976
0.07,0.33,0.6231,0.0469,0.0231,0.3069
0.07,0.34,0.6138,0.0462,0.0238,0.3162
0.07,0.35,0.6045,0.0455,0.0245,0.3255
0.07,0.36,0.5952,0.0448,0.0252,0.3348
0.07,0.37,0.5859,0.0441,0.0259,0.3441
0.07,0.38,0.5766,0.0434,0.0266,0.3534
0.07,0.39,0.5673,0.0427,0.0273,0.3627
0.07,0.4,0.558,0.042,0.028,0.372
0.07,0.41,0.5487,0.0413,0.0287,0.3813
0.07,0.42,0.5394,0.0406,0.0294,0.3906
0.07,0.43,0.5301,0.0399,0.0301,0.3999
0.07,0.44,0.5208,0.0392,0.0308,0.4092
0.07,0.45,0.5115,0.0385,0.0315,0.4185
0.07,0.46,0.5022,0.0378,0.0322,0.4278
0.07,0.47,0.4929,0.0371,0.0329,0.4371
0.07,0.48,0.4836,0.0364,0.0336,0.4464
0.07,0.49,0.4743,0.0357,0.0343,0.4557
0.07,0.5,0.465,0.035,0.035,0.465
0.07,0.51,0.4557,0.0343,0.0357,0.4743
0.07,0.52,0.4464,0.0336,0.0364,0.4836
0.07,0.53,0.4371,0.0329,0.0371,0.4929
0.07,0.54,0.4278,0.0322,0.0378,0.5022
0.07,0.55,0.4185,0.0315,0.0385,0.5115
0.07,0.56,0.4092,0.0308,0.0392,0.5208
0.07,0.57,0.3999,0.0301,0.0399,0.5301
0.07,0.58,0.3906,0.0294,0.0406,0.5394
0.07,0.59,0.3813,0.0287,0.0413,0.5487
0.07,0.6,0.372,0.028,0.042,0.558
0.07,0.61,0.3627,0.0273,0.0427,0.5673
0.07,0.62,0.3534,0.0266,0.0434,0.5766
0.07,0.63,0.3441,0.0259,0.0441,0.5859
0.07,0.64,0.3348,0.0252,0.0448,0.5952
0.07,0.65,0.3255,0.0245,0.0455,0.6045
0.07,0.66,0.3162,0.0238,0.0462,0.6138
0.07,0.67,0.3069,0.0231,0.0469,0.6231
0.07,0.68,0.2976,0.0224,0.0476,0.6324
0.07,0.69,0.2883,0.0217,0.0483,0.6417
0.07,0.7,0.279,0.021,0.049,0.651
0.07,0.71,0.2697,0.0203,0.0497,0.6603
0.07,0.72,0.2604,0.0196,0.0504,0.6696
0.07,0.73,0.2511,0.0189,0.0511,0.6789
0.07,0.74,0.2418,0.0182,0.0518,0.6882
0.07,0.75,0.2325,0.0175,0.0525,0.6975
0.07,0.76,0.2232,0.0168,0.0532,0.7068
0.07,0.77,0.2139,0.0161,0.0539,0.7161
0.07,0.78,0.2046,0.0154,0.0546,0.7254
0.07,0.79,0.1953,0.0147,0.0553,0.7347
0.07,0.8,0.186,0.014,0.056,0.744
0.07,0.81,0.1767,0.0133,0.0567,0.7533
0.07,0.82,0.1674,0.0126,0.0574,0.7626
0.07,0.83,0.1581,0.0119,0.0581,0.7719
0.07,0.84,0.1488,0.0112,0.0588,0.7812
0.07,0.85,0.1395,0.0105,0.0595,0.7905
0.07,0.86,0.1302,0.0098,0.0602,0.7998
0.07,0.87,0.1209,0.0091,0.0609,0.8091
0.07,0.88,0.1116,0.0084,0.0616,0.8184
0.07,0.89,0.1023,0.0077,0.0623,0.8277
0.07,0.9,0.093,0.007,0.063,0.837
0.07,0.91,0.0837,0.0063,0.0637,0.8463
0.07,0.92,0.0744,0.0056,0.0644,0.8556
0.07,0.93,0.0651,0.0049,0.0651,0.8649
0.07,0.94,0.0558,0.0042,0.0658,0.8742
0.07,0.95,0.0465,0.0035,0.0665,0.8835
0.07,0.96,0.0372,0.0028,0.0672,0.8928
0.07,0.97,0.0279,0.0021,0.0679,0.9021
0.07,0.98,0.0186,0.0014,0.0686,0.9114
0.07,0.99,0.0093,0.0007,0.0693,0.9207
0.08,0,0.92,0.08,0,0
0.08,0.01,0.9108,0.0792,0.0008,0.0092
0.08,0.02,0.9016,0.0784,0.0016,0.0184
0.08,0.03,0.8924,0.0776,0.0024,0.0276
0.08,0.04,0.8832,0.0768,0.0032,0.0368
0.08,0.05,0.874,0.076,0.004,0.046
0.08,0.06,0.8648,0.0752,0.0048,0.0552
0.08,0.07,0.8556,0.0744,0.0056,0.0644
0.08,0.08,0.8464,0.0736,0.0064,0.0736
0.08,0.09,0.8372,0.0728,0.0072,0.0828
0.08,0.1,0.828,0.072,0.008,0.092
0.08,0.11,0.8188,0.0712,0.0088,0.1012
0.08,0.12,0.8096,0.0704,0.0096,0.1104
0.08,0.13,0.8004,0.0696,0.0104,0.1196
0.08,0.14,0.7912,0.0688,0.0112,0.1288
0.08,0.15,0.782,0.068,0.012,0.138
0.08,0.16,0.7728,0.0672,0.0128,0.1472
0.08,0.17,0.7636,0.0664,0.0136,0.1564
0.08,0.18,0.7544,0.0656,0.0144,0.1656
0.08,0.19,0.7452,0.0648,0.0152,0.1748
0.08,0.2,0.736,0.064,0.016,0.184
0.08,0.21,0.7268,0.0632,0.0168,0.1932
0.08,0.22,0.7176,0.0624,0.0176,0.2024
0.08,0.23,0.7084,0.0616,0.0184,0.2116
0.08,0.24,0.6992,0.0608,0.0192,0.2208
0.08,0.25,0.69,0.06,0.02,0.23
0.08,0.26,0.6808,0.0592,0.0208,0.2392
0.08,0.27,0.6716,0.0584,0.0216,0.2484
0.08,0.28,0.6624,0.0576,0.0224,0.2576
0.08,0.29,0.6532,0.0568,0.0232,0.2668
0.08,0.3,0.644,0.056,0.024,0.276
0.08,0.31,0.6348,0.0552,0.0248,0.2852
0.08,0.32,0.6256,0.0544,0.0256,0.2944
0.08,0.33,0.6164,0.0536,0.0264,0.3036
0.08,0.34,0.6072,0.0528,0.0272,0.3128
0.08,0.35,0.598,0.052,0.028,0.322
0.08,0.36,0.5888,0.0512,0.0288,0.3312
0.08,0.37,0.5796,0.0504,0.0296,0.3404
0.08,0.38,0.5704,0.0496,0.0304,0.3496
0.08,0.39,0.5612,0.0488,0.0312,0.3588
0.08,0.4,0.552,0.048,0.032,0.368
0.08,0.41,0.5428,0.0472,0.0328,0.3772
0.08,0.42,0.5336,0.0464,0.0336,0.3864
0.08,0.43,0.5244,0.0456,0.0344,0.3956
0.08,0.44,0.5152,0.0448,0.0352,0.4048
0.08,0.45,0.506,0.044,0.036,0.414
0.08,0.46,0.4968,0.0432,0.0368,0.4232
0.08,0.47,0.4876,0.0424,0.0376,0.4324
0.08,0.48,0.4784,0.0416,0.0384,0.4416
0.08,0.49,0.4692,0.0408,0.0392,0.4508
0.08,0.5,0.46,0.04,0.04,0.46
0.08,0.51,0.4508,0.0392,0.0408,0.4692
0.08,0.52,0.4416,0.0384,0.0416,0.4784
0.08,0.53,0.4324,0.0376,0.0424,0.4876
0.08,0.54,0.4232,0.0368,0.0432,0.4968
0.08,0.55,0.414,0.036,0.044,0.506
0.08,0.56,0.4048,0.0352,0.0448,0.5152
0.08,0.57,0.3956,0.0344,0.0456,0.5244
0.08,0.58,0.3864,0.0336,0.0464,0.5336
0.08,0.59,0.3772,0.0328,0.0472,0.5428
0.08,0.6,0.368,0.032,0.048,0.552
0.08,0.61,0.3588,0.0312,0.0488,0.5612
0.08,0.62,0.3496,0.0304,0.0496,0.5704
0.08,0.63,0.3404,0.0296,0.0504,0.5796
0.08,0.64,0.3312,0.0288,0.0512,0.5888
0.08,0.65,0.322,0.028,0.052,0.598
0.08,0.66,0.3128,0.0272,0.0528,0.6072
0.08,0.67,0.3036,0.0264,0.0536,0.6164
0.08,0.68,0.2944,0.0256,0.0544,0.6256
0.08,0.69,0.2852,0.0248,0.0552,0.6348
0.08,0.7,0.276,0.024,0.056,0.644
0.08,0.71,0.2668,0.0232,0.0568,0.6532
0.08,0.72,0.2576,0.0224,0.0576,0.6624
0.08,0.73,0.2484,0.0216,0.0584,0.6716
0.08,0.74,0.2392,0.0208,0.0592,0.6808
0.08,0.75,0.23,0.02,0.06,0.69
0.08,0.76,0.2208,0.0192,0.0608,0.6992
0.08,0.77,0.2116,0.0184,0.0616,0.7084
0.08,0.78,0.2024,0.0176,0.0624,0.7176
0.08,0.79,0.1932,0.0168,0.0632,0.7268
0.08,0.8,0.184,0.016,0.064,0.736
0.08,0.81,0.1748,0.0152,0.0648,0.7452
0.08,0.82,0.1656,0.0144,0.0656,0.7544
0.08,0.83,0.1564,0.0136,0.0664,0.7636
0.08,0.84,0.1472,0.0128,0.0672,0.7728
0.08,0.85,0.138,0.012,0.068,0.782
0.08,0.86,0.1288,0.0112,0.0688,0.7912
0.08,0.87,0.1196,0.0104,0.0696,0.8004
0.08,0.88,0.1104,0.0096,0.0704,0.8096
0.08,0.89,0.1012,0.0088,0.0712,0.8188
0.08,0.9,0.092,0.008,0.072,0.828
0.08,0.91,0.0828,0.0072,0.0728,0.8372
0.08,0.92,0.0736,0.0064,0.0736,0.8464
0.08,0.93,0.0644,0.0056,0.0744,0.8556
0.08,0.94,0.0552,0.0048,0.0752,0.8648
0.08,0.95,0.046,0.004,0.076,0.874
0.08,0.96,0.0368,0.0032,0.0768,0.8832
0.08,0.97,0.0276,0.0024,0.0776,0.8924
0.08,0.98,0.0184,0.0016,0.0784,0.9016
0.08,0.99,0.0092,0.0008,0.0792,0.9108
0.09,0,0.91,0.09,0,0
0.09,0.01,0.9009,0.0891,0.0009,0.0091
0.09,0.02,0.8918,0.0882,0.0018,0.0182
0.09,0.03,0.8827,0.0873,0.0027,0.0273
0.09,0.04,0.8736,0.0864,0.0036,0.0364
0.09,0.05,0.8645,0.0855,0.0045,0.0455
0.09,0.06,0.8554,0.0846,0.0054,0.0546
0.09,0.07,0.8463,0.0837,0.0063,0.0637
0.09,0.08,0.8372,0.0828,0.0072,0.0728
0.09,0.09,0.8281,0.0819,0.0081,0.0819
0.09,0.1,0.819,0.081,0.009,0.091
0.09,0.11,0.8099,0.0801,0.0099,0.1001
0.09,0.12,0.8008,0.0792,0.0108,0.1092
0.09,0.13,0.7917,0.0783,0.0117,0.1183
0.09,0.14,0.7826,0.0774,0.0126,0.1274
0.09,0.15,0.7735,0.0765,0.0135,0.1365
0.09,0.16,0.7644,0.0756,0.0144,0.1456
0.09,0.17,0.7553,0.0747,0.0153,0.1547
0.09,0.18,0.7462,0.0738,0.0162,0.1638
0.09,0.19,0.7371,0.0729,0.0171,0.1729
0.09,0.2,0.728,0.072,0.018,0.182
0.09,0.21,0.7189,0.0711,0.0189,0.1911
0.09,0.22,0.7098,0.0702,0.0198,0.2002
0.09,0.23,0.7007,0.0693,0.0207,0.2093
0.09,0.24,0.6916,0.0684,0.0216,0.2184
0.09,0.25,0.6825,0.0675,0.0225,0.2275
0.09,0.26,0.6734,0.0666,0.0234,0.2366
0.09,0.27,0.6643,0.0657,0.0243,0.2457
0.09,0.28,0.6552,0.0648,0.0252,0.2548
0.09,0.29,0.6461,0.0639,0.0261,0.2639
0.09,0.3,0.637,0.063,0.027,0.273
0.09,0.31,0.6279,0.0621,0.0279,0.2821
0.09,0.32,0.6188,0.0612,0.0288,0.2912
0.09,0.33,0.6097,0.0603,0.0297,0.3003
0.09,0.34,0.6006,0.0594,0.0306,0.3094
0.09,0.35,0.5915,0.0585,0.0315,0.3185
0.09,0.36,0.5824,0.0576,0.0324,0.3276
0.09,0.37,0.5733,0.0567,0.0333,0.3367
0.09,0.38,0.5642,0.0558,0.0342,0.3458
0.09,0.39,0.5551,0.0549,0.0351,0.3549
0.09,0.4,0.546,0.054,0.036,0.364
0.09,0.41,0.5369,0.0531,0.0369,0.3731
0.09,0.42,0.5278,0.0522,0.0378,0.3822
0.09,0.43,0.5187,0.0513,0.0387,0.3913
0.09,0.44,0.5096,0.0504,0.0396,0.4004
0.09,0.45,0.5005,0.0495,0.0405,0.4095
0.09,0.46,0.4914,0.0486,0.0414,0.4186
0.09,0.47,0.4823,0.0477,0.0423,0.4277
0.09,0.48,0.4732,0.0468,0.0432,0.4368
0.09,0.49,0.4641,0.0459,0.0441,0.4459
0.09,0.5,0.455,0.045,0.045,0.455
0.09,0.51,0.4459,0.0441,0.0459,0.4641
0.09,0.52,0.4368,0.0432,0.0468,0.4732
0.09,0.53,0.4277,0.0423,0.0477,0.4823
0.09,0.54,0.4186,0.0414,0.0486,0.4914
0.09,0.55,0.4095,0.0405,0.0495,0.5005
0.09,0.56,0.4004,0.0396,0.0504,0.5096
0.09,0.57,0.3913,0.0387,0.0513,0.5187
0.09,0.58,0.3822,0.0378,0.0522,0.5278
0.09,0.59,0.3731,0.0369,0.0531,0.5369
0.09,0.6,0.364,0.036,0.054,0.546
0.09,0.61,0.3549,0.0351,0.0549,0.5551
0.09,0.62,0.3458,0.0342,0.0558,0.5642
0.09,0.63,0.3367,0.0333,0.0567,0.5733
0.09,0.64,0.3276,0.0324,0.0576,0.5824
0.09,0.65,0.3185,0.0315,0.0585,0.5915
0.09,0.66,0.3094,0.0306,0.0594,0.6006
0.09,0.67,0.3003,0.0297,0.0603,0.6097
0.09,0.68,0.2912,0.0288,0.0612,0.6188
0.09,0.69,0.2821,0.0279,0.0621,0.6279
0.09,0.7,0.273,0.027,0.063,0.637
0.09,0.71,0.2639,0.0261,0.0639,0.6461
0.09,0.72,0.2548,0.0252,0.0648,0.6552
0.09,0.73,0.2457,0.0243,0.0657,0.6643
0.09,0.74,0.2366,0.0234,0.0666,0.6734
0.09,0.75,0.2275,0.0225,0.0675,0.6825
0.09,0.76,0.2184,0.0216,0.0684,0.6916
0.09,0.77,0.2093,0.0207,0.0693,0.7007
0.09,0.78,0.2002,0.0198,0.0702,0.7098
0.09,0.79,0.1911,0.0189,0.0711,0.7189
0.09,0.8,0.182,0.018,0.072,0.728
0.09,0.81,0.1729,0.0171,0.0729,0.7371
0.09,0.82,0.1638,0.0162,0.0738,0.7462
0.09,0.83,0.1547,0.0153,0.0747,0.7553
0.09,0.84,0.1456,0.0144,0.0756,0.7644
0.09,0.85,0.1365,0.0135,0.0765,0.7735
0.09,0.86,0.1274,0.0126,0.0774,0.7826
0.09,0.87,0.1183,0.0117,0.0783,0.7917
0.09,0.88,0.1092,0.0108,0.0792,0.8008
0.09,0.89,0.1001,0.0099,0.0801,0.8099
0.09,0.9,0.091,0.009,0.081,0.819
0.09,0.91,0.0819,0.0081,0.0819,0.8281
0.09,0.92,0.0728,0.0072,0.0828,0.8372
0.09,0.93,0.0637,0.0063,0.0837,0.8463
0.09,0.94,0.0546,0.0054,0.0846,0.8554
0.09,0.95,0.0455,0.0045,0.0855,0.8645
0.09,0.96,0.0364,0.0036,0.0864,0.8736
0.09,0.97,0.0273,0.0027,0.0873,0.8827
0.09,0.98,0.0182,0.0018,0.0882,0.8918
0.09,0.99,0.0091,0.0009,0.0891,0.9009
0.1,0,0.9,0.1,0,0
0.1,0.01,0.891,0.099,0.001,0.009
0.1,0.02,0.882,0.098,0.002,0.018
0.1,0.03,0.873,0.097,0.003,0.027
0.1,0.04,0.864,0.096,0.004,0.036
0.1,0.05,0.855,0.095,0.005,0.045
0.1,0.06,0.846,0.094,0.006,0.054
0.1,0.07,0.837,0.093,0.007,0.063
0.1,0.08,0.828,0.092,0.008,0.072
0.1,0.09,0.819,0.091,0.009,0.081
0.1,0.1,0.81,0.09,0.01,0.09
0.1,0.11,0.801,0.089,0.011,0.099
0.1,0.12,0.792,0.088,0.012,0.108
0.1,0.13,0.783,0.087,0.013,0.117
0.1,0.14,0.774,0.086,0.014,0.126
0.1,0.15,0.765,0.085,0.015,0.135
0.1,0.16,0.756,0.084,0.016,0.144
0.1,0.17,0.747,0.083,0.017,0.153
0.1,0.18,0.738,0.082,0.018,0.162
0.1,0.19,0.729,0.081,0.019,0.171
0.1,0.2,0.72,0.08,0.02,0.18
0.1,0.21,0.711,0.079,0.021,0.189
0.1,0.22,0.702,0.078,0.022,0.198
0.1,0.23,0.693,0.077,0.023,0.207
0.1,0.24,0.684,0.076,0.024,0.216
0.1,0.25,0.675,0.075,0.025,0.225
0.1,0.26,0.666,0.074,0.026,0.234
0.1,0.27,0.657,0.073,0.027,0.243
0.1,0.28,0.648,0.072,0.028,0.252
0.1,0.29,0.639,0.071,0.029,0.261
0.1,0.3,0.63,0.07,0.03,0.27
0.1,0.31,0.621,0.069,0.031,0.279
0.1,0.32,0.612,0.068,0.032,0.288
0.1,0.33,0.603,0.067,0.033,0.297
0.1,0.34,0.594,0.066,0.034,0.306
0.1,0.35,0.585,0.065,0.035,0.315
0.1,0.36,0.576,0.064,0.036,0.324
0.1,0.37,0.567,0.063,0.037,0.333
0.1,0.38,0.558,0.062,0.038,0.342
0.1,0.39,0.549,0.061,0.039,0.351
0.1,0.4,0.54,0.06,0.04,0.36
0.1,0.41,0.531,0.059,0.041,0.369
0.1,0.42,0.522,0.058,0.042,0.378
0.1,0.43,0.513,0.057,0.043,0.387
0.1,0.44,0.504,0.056,0.044,0.396
0.1,0.45,0.495,0.055,0.045,0.405
0.1,0.46,0.486,0.054,0.046,0.414
0.1,0.47,0.477,0.053,0.047,0.423
0.1,0.48,0.468,0.052,0.048,0.432
0.1,0.49,0.459,0.051,0.049,0.441
0.1,0.5,0.45,0.05,0.05,0.45
0.1,0.51,0.441,0.049,0.051,0.459
0.1,0.52,0.432,0.048,0.052,0.468
0.1,0.53,0.423,0.047,0.053,0.477
0.1,0.54,0.414,0.046,0.054,0.486
0.1,0.55,0.405,0.045,0.055,0.495
0.1,0.56,0.396,0.044,0.056,0.504
0.1,0.57,0.387,0.043,0.057,0.513
0.1,0.58,0.378,0.042,0.058,0.522
0.1,0.59,0.369,0.041,0.059,0.531
0.1,0.6,0.36,0.04,0.06,0.54
0.1,0.61,0.351,0.039,0.061,0.549
0.1,0.62,0.342,0.038,0.062,0.558
0.1,0.63,0.333,0.037,0.063,0.567
0.1,0.64,0.324,0.036,0.064,0.576
0.1,0.65,0.315,0.035,0.065,0.585
0.1,0.66,0.306,0.034,0.066,0.594
0.1,0.67,0.297,0.033,0.067,0.603
0.1,0.68,0.288,0.032,0.068,0.612
0.1,0.69,0.279,0.031,0.069,0.621
0.1,0.7,0.27,0.03,0.07,0.63
0.1,0.71,0.261,0.029,0.071,0.639
0.1,0.72,0.252,0.028,0.072,0.648
0.1,0.73,0.243,0.027,0.073,0.657
0.1,0.74,0.234,0.026,0.074,0.666
0.1,0.75,0.225,0.025,0.075,0.675
0.1,0.76,0.216,0.024,0.076,0.684
0.1,0.77,0.207,0.023,0.077,0.693
0.1,0.78,0.198,0.022,0.078,0.702
0.1,0.79,0.189,0.021,0.079,0.711
0.1,0.8,0.18,0.02,0.08,0.72
0.1,0.81,0.171,0.019,0.081,0.729
0.1,0.82,0.162,0.018,0.082,0.738
0.1,0.83,0.153,0.017,0.083,0.747
0.1,0.84,0.144,0.016,0.084,0.756
0.1,0.85,0.135,0.015,0.085,0.765
0.1,0.86,0.126,0.014,0.086,0.774
0.1,0.87,0.117,0.013,0.087,0.783
0.1,0.88,0.108,0.012,0.088,0.792
0.1,0.89,0.099,0.011,0.089,0.801
0.1,0.9,0.09,0.01,0.09,0.81
0.1,0.91,0.081,0.009,0.091,0.819
0.1,0.92,0.072,0.008,0.092,0.828
0.1,0.93,0.063,0.007,0.093,0.837
0.1,0.94,0.054,0.006,0.094,0.846
0.1,0.95,0.045,0.005,0.095,0.855
0.1,0.96,0.036,0.004,0.096,0.864
0.1,0.97,0.027,0.003,0.097,0.873
0.1,0.98,0.018,0.002,0.098,0.882
0.1,0.99,0.009,0.001,0.099,0.891
0.11,0,0.89,0.11,0,0
0.11,0.01,0.8811,0.1089,0.0011,0.0089
0.11,0.02,0.8722,0.1078,0.0022,0.0178
0.11,0.03,0.8633,0.1067,0.0033,0.0267
0.11,0.04,0.8544,0.1056,0.0044,0.0356
0.11,0.05,0.8455,0.1045,0.0055,0.0445
0.11,0.06,0.8366,0.1034,0.0066,0.0534
0.11,0.07,0.8277,0.1023,0.0077,0.0623
0.11,0.08,0.8188,0.1012,0.0088,0.0712
0.11,0.09,0.8099,0.1001,0.0099,0.0801
0.11,0.1,0.801,0.099,0.011,0.089
0.11,0.11,0.7921,0.0979,0.0121,0.0979
0.11,0.12,0.7832,0.0968,0.0132,0.1068
0.11,0.13,0.7743,0.0957,0.0143,0.1157
0.11,0.14,0.7654,0.0946,0.0154,0.1246
0.11,0.15,0.7565,0.0935,0.0165,0.1335
0.11,0.16,0.7476,0.0924,0.0176,0.1424
0.11,0.17,0.7387,0.0913,0.0187,0.1513
0.11,0.18,0.7298,0.0902,0.0198,0.1602
0.11,0.19,0.7209,0.0891,0.0209,0.1691
0.11,0.2,0.712,0.088,0.022,0.178
0.11,0.21,0.7031,0.0869,0.0231,0.1869
0.11,0.22,0.6942,0.0858,0.0242,0.1958
0.11,0.23,0.6853,0.0847,0.0253,0.2047
0.11,0.24,0.6764,0.0836,0.0264,0.2136
0.11,0.25,0.6675,0.0825,0.0275,0.2225
0.11,0.26,0.6586,0.0814,0.0286,0.2314
0.11,0.27,0.6497,0.0803,0.0297,0.2403
0.11,0.28,0.6408,0.0792,0.0308,0.2492
0.11,0.29,0.6319,0.0781,0.0319,0.2581
0.11,0.3,0.623,0.077,0.033,0.267
0.11,0.31,0.6141,0.0759,0.0341,0.2759
0.11,0.32,0.6052,0.0748,0.0352,0.2848
0.11,0.33,0.5963,0.0737,0.0363,0.2937
0.11,0.34,0.5874,0.0726,0.0374,0.3026
0.11,0.35,0.5785,0.0715,0.0385,0.3115
0.11,0.36,0.5696,0.0704,0.0396,0.3204
